721
669
229
751
553
838
751
759
627
991
890
126
768
672
22
819
36
627
950
993
705
316
94
751
212
881
801
154
561
529
338
414
873
795
969
300
168
12
167
780
458
528
988
354
119
159
397
349
775
187
886
224
456
852
228
902
489
664
390
92
890
791
412
579
479
394
842
828
217
382
339
170
480
698
724
701
882
846
626
473
432
834
81
956
554
339
789
272
949
837
708
967
121
234
838
224
938
725
207
517
984
958
628
90
920
827
122
622
287
96
154
357
411
397
77
664
306
337
799
348
121
757
42
280
485
438
201
74
580
166
44
890
106
598
725
652
886
510
980
51
720
670
525
623
627
930
200
495
576
698
514
579
534
50
923
431
38
434
264
35
874
866
763
123
562
198
720
924
478
920
2
628
324
948
485
5
905
836
704
636
750
741
369
109
11
108
62
129
169
201
286
974
766
370
645
796
623
568
289
834
454
494
195
867
325
90
599
278
132
634
448
400
303
698
994
239
56
146
205
289
437
33
675
239
575
541
50
21
859
311
505
889
941
758
266
338
498
699
49
127
792
819
390
210
930
832
82
907
62
343
815
952
930
162
484
974
463
95
372
973
204
550
259
326
729
845
343
999
173
717
512
651
377
442
732
582
836
956
391
897
45
854
661
695
367
126
114
719
20
69
342
95
466
100
181
860
167
116
985
248
785
333
10
204
264
365
820
502
365
687
927
651
451
436
980
298
949
921
109
910
152
734
362
332
57
320
702
209
767
792
948
698
462
131
375
883
984
682
630
993
771
107
780
560
746
691
382
93
379
821
87
8
897
675
406
367
502
782
893
63
472
336
694
419
736
343
550
239
820
845
539
923
930
21
763
551
461
760
56
506
988
414
57
704
329
428
687
317
972
857
116
732
898
859
122
148
137
227
369
400
962
775
952
182
575
639
61
373
432
164
17
866
916
413
654
150
155
102
201
853
226
881
982
0
977
69
459
626
36
951
311
881
68
737
792
617
756
402
883
921
725
854
707
533
751
602
521
422
742
76
92
461
749
951
522
848
464
548
886
29
473
961
296
632
971
960
511
480
431
895
72
182
289
918
157
961
499
324
797
185
257
286
564
814
137
575
546
763
792
42
781
53
936
851
665
512
197
617
16
277
21
505
953
942
881
206
958
621
969
448
627
82
431
121
286
120
41
772
444
811
666
946
646
833
344
885
649
777
837
384
902
531
170
150
970
656
158
395
154
60
384
729
363
208
641
102
543
453
613
42
291
430
921
245
232
449
631
733
142
573
189
640
68
834
832
336
512
481
611
764
947
649
179
298
457
187
879
280
587
30
973
737
668
800
181
722
526
80
412
528
129
87
248
731
758
62
742
933
256
87
201
413
954
658
198
784
798
615
347
297
889
874
258
234
136
870
682
164
757
892
607
235
696
953
641
37
379
628
803
807
556
344
396
323
545
848
141
760
772
333
97
347
84
124
927
974
9
218
200
141
180
666
912
858
420
616
232
342
932
225
70
231
728
416
661
709
210
25
286
506
637
288
702
204
872
557
0
239
192
268
226
8
375
797
317
465
741
764
709
470
293
855
384
890
741
581
551
932
792
393
103
310
958
28
350
240
734
40
35
51
211
194
681
287
846
231
455
93
991
160
547
169
282
495
981
700
866
724
213
459
856
590
928
835
870
837
870
706
721
454
802
486
232
625
790
354
62
353
749
82
408
346
816
424
568
604
851
372
153
103
761
478
953
876
111
383
490
809
582
641
137
576
662
713
871
917
286
760
209
821
99
834
980
241
587
275
788
142
192
635
772
908
991
237
359
722
74
620
860
926
321
114
626
594
479
558
14
909
130
315
968
708
687
84
405
868
351
130
721
735
672
202
90
300
855
311
567
863
639
539
855
675
180
895
510
395
70
513
86
564
373
519
624
924
669
47
783
243
115
677
355
703
768
314
506
519
122
656
889
43
209
427
684
942
458
343
354
73
173
981
996
830
980
436
474
59
988
932
928
682
718
50
927
339
683
481
420
553
297
581
38
523
548
274
482
104
626
153
942
427
888
625
980
713
654
264
152
756
816
413
797
528
878
577
581
956
599
619
198
650
377
141
280
453
278
519
738
151
102
975
420
705
713
515
937
401
623
956
571
452
381
461
205
33
539
837
297
602
817
116
20
759
802
308
673
568
983
803
974
125
350
911
864
251
454
942
858
351
734
239
342
989
599
878
614
206
304
137
62
310
512
387
290
115
629
587
389
345
272
959
531
52
950
781
152
150
366
107
99
766
